-1100.0472
1.968112999999903
224.0
-0.8030459999999948
-2.1583370000003015
-56.607024000000365
-88.18204400000013
1.2530720000004294
-47.11493100000007
-39.549025999999685
-3.493199999999888
1.3680779999999686
0.9480539999999564
-90.84619599999996
-0.8574789999997847
-84.4303990000003
-23.71735600000011
0.7110400000001391
-70.33702200000016
-0.22178600000006554
-82.18292699999984
0.3370199999999386
-16.00691500000039
-0.2860160000000178
-19.331104999999752
0.24246799999991708
0.8190469999990455
0.5020290000002205
-3.4331969999998364
-0.8260479999999006
1.0270579999996698
-1.3160749999997279
-0.6880390000001171
0.3350190000001021
-1.6960970000000088
0.19701200000008612
-0.008000999999694614
-0.5380299999997078
0.4100229999999101
0.30701700000008714
0.6730379999999059
-1.5390879999999925
1.0830620000001545
0.1580090000002201
-1.61309300000039
-1.349076999999852
-0.6030339999997523
-0.3450199999997494
0.3000170000000253