0.39902299999994284
-0.3930230000000847
0.049003000000084285
0.1270079999999325
-0.48002699999960896
0.7860449999998309
-0.20101199999999153
-2.115121000000272
-0.3400189999997565
-0.06900399999994988
-0.36102000000028056
0.8250479999996969
0.7230419999996229
-0.08300400000007357
0.5600319999998646
-0.04200300000002244
0.10500599999977567
-1.4350819999999658
1.3890789999995832
0.7390419999996993
1.508085999999821
1.610091999999895
-0.4360239999996338
-0.2630149999999958
-0.016000999999960186
1.450083999999606
2.6041480000003503
-0.6570369999999457
-0.36602099999981874
0.6350360000001274
0.9200529999998253
-0.3080179999997199
0.2990180000001601
1.189068000000134
0.2740159999998468
0.1590089999999691
0.250014000000192
0.4810280000001512
-0.8060459999996965
-0.8570489999997335
-1.753099999999904
2.635150000000067
-1.6530950000001212
-1.0800610000001143
-0.2530149999997775
-2.81416100000024
-2.2301280000001498
0.47302700000000186
0.5380310000000463
-0.007999999999810825
0.8640500000001339
-1.6680959999998777
0.9500539999999091
-0.08800599999995029
-0.19301099999984217
0.031001000000287604
-1.0080579999998918
1.2470720000001165
1.0070569999998042
1.3510769999998047
2.9561690000000453
-0.5830329999998867
-1.673095000000103
1.5200869999998758
0.2760160000002543
-2.1941249999999854
-0.14200800000025993
0.20801200000005338
4.004229000000123
0.43202500000006694
2.5681479999998373
0.2820160000001124
1.741099999999733
3.5012000000001535
0.3510200000000623
-1.792102000000341
0.7670430000002852
-0.3570209999998042
-0.3910220000002482
1.8231039999996028
0.6530370000000403
0.8150470000000496
1.3990799999996852
1.4760839999999007
-0.5890330000001995
-0.7640440000000126
1.439082999999755
0.38302199999998265
-4.146237999999812
-0.603034000000207
-0.27601599999979953
0.6370370000004186
1.9221099999999751
-2.226126999999906
-0.7150409999999283
0.24601400000028661
0.9150519999998323
-0.6280359999996108
0.11400600000024497
-1.9761130000001685
0.21701200000006793
0.8040470000000823
0.01400100000000748
-0.42002499999989595
0.4820270000000164
1.9031090000003132
-2.954168000000209
-0.06300300000020798
-0.3270189999998365
0.10300499999993917
-1.8711069999999381
0.4970279999997729
0.8530479999999443
0.5890340000000833
-1.4190800000001218
0.0660040000002482
1.5660899999998037
1.1870679999997265
1.4750850000000355
-1.2210700000000543
2.008114000000205
-1.1850680000002285
0.5630320000000211
-0.2330139999999119
-1.4170819999999367
0.3880220000000918
0.6210369999998875
-0.040002000000185944
-1.0210580000002665
0.3960229999997864
0.9720559999996112
-1.3530779999996412
-0.03300099999978556
-0.7270409999996446
0.7230410000001939
-0.8000459999998384
-0.020001000000320346
5.079291000000012
0.4310249999998632
0.5550320000002102
0.5970339999998941
-1.7541009999999915
-1.2550719999999274
-1.3720790000002125
1.6440939999997681
1.0890629999998964
0.8430480000001808
0.6690380000000005
-1.5480889999998908
1.222070000000258
0.10200599999961923
1.5180869999999231
1261.118132
121.71996200000012
-36.31907799999999
-1.4390830000002097
10000.0
-1.5630889999997635
10000.0
1.3619220000000496
-106.52993699999979
0.8450490000000173
-0.2990180000001601
-0.21001299999988987
-62.202557999999954
0.45102600000018356
-1044.4727400000002
432.0067090000002
-1.3988359999998465
10000.0
0.20401099999980943
0.27101600000014514
-139.02195200000006
1.2930739999997058
2.2190740000000915
-1.191016000000218
-6.107348999999886
1.084063000000242
-0.07300400000031004
-2.465140999999676
-27.095550000000003
-964.5101669999999
2315.540441
428.03848300000027
-22.25227300000006
-35.553034000000025
1.4543659999999363
-0.0200009999998656
-1220.6371000000004
-8.194469000000026
2374.946839
382.4838770000001
0.6740380000001096
-91.51823400000012
0.9058620000000701
-102.56986600000027
0.8210469999999077
-36.09587499999998
0.6440359999996872
-0.046203999999761436
0.694039999999859
-0.11700699999983044
1.4680840000000899
-1.7781019999997625
-1.7561009999999442
-0.12900700000000143
-1.1080630000001293
-0.8960520000000542
1.3360760000000482
0.9790559999996731
0.11300699999992503
-0.42802400000027774
1.8461059999999634
-0.47502699999995457
-1.6160930000000917
1.4030800000000454
0.92005300000028
0.7330419999998412
-0.08100500000000466
-0.05900300000030256
-0.7100409999998192
0.3500200000003133
1.2890729999999166
0.24801399999978457
2.0841190000001006
5.585318999999799
-0.854048000000148
0.5970339999998941
0.4760270000001583
1.4250809999998637
-0.1780100000000857
0.4370250000001761
-0.31301799999982904
-0.08400500000016109
1.0860619999998562
0.7890449999999873
0.4310239999999794
0.70604000000003
0.4600260000001981
1.6980980000003
0.5060289999996712
1.5960909999998876
-0.5830329999998867
-0.31101699999999255
-0.13400799999999435
0.603034000000207
-0.5070289999998749
1.4300819999998566
-0.46002599999974336
-0.21001200000000608
-2.5231439999997747
-0.06600399999979345
0.07800399999996444
0.8440479999999297
0.9370529999996506
2.515143999999964
-0.3060169999998834
0.40002300000014657
0.29301699999996345
0.12200700000039433
-0.25901500000009037
0.5380300000001625
1.8361049999998613
0.6760389999999461
2.510142999999971
0.4180239999996047
-0.08500400000002628
1.6240929999999025
-1.2300700000000688
0.2690149999998539
1.0260590000002594
0.07300499999973908
2.0621179999998276
-0.7100399999999354
0.7260420000002341
-0.20301199999994424
2.7841589999998178
0.14000799999985247
-0.4260239999998703
-1.5310880000001816
-0.19701099999974758
-0.4550250000002052
1.8971090000000004
0.21301200000016252
-0.07800399999996444
-1.0350589999998192
-0.6020349999998871
-0.7830439999997907
-1.5750899999998182
0.08800400000018271
0.24201399999992645
-2.74115699999993
-0.46502700000019104
0.5390310000002501
0.733042000000296
1.330077000000074
1.3740790000001653
0.42802400000027774
0.8170470000000023
-0.4800270000000637
-1.2380709999997634
0.32801900000004025
-0.37102199999981167
0.03400199999987308
-1.7550999999998567
-1.4690839999998389
-1.0850620000001072
0.4120229999998628
-0.45002599999997983
-0.9740549999996801
-0.13800799999989977
-1.4640830000003007
-0.1430080000000089
-2.5811479999997573
-0.35502000000042244
1.4590829999997368
-0.39902299999994284
-0.01400100000000748
-0.15400899999985995
-0.090005999999903
-0.4230240000001686
-0.25501500000018495
-0.6410369999998693
-0.5880339999998796
-0.42102399999976114
0.38302199999998265
-0.580033000000185
0.14700900000025285
-2.846162999999706
-1.296073999999976
0.5570310000002792
0.8240470000000641
0.23001300000032643
0.43502500000022337
-0.6710380000004079
-1.0200580000000627
-0.017001000000163913
-1.1920690000001741
-0.7490429999998014
0.7140409999997246
0.4900280000001658
-0.8750500000001011
-0.3930230000000847
1.013058000000001
0.1450089999998454
0.8100460000000567
1.3580779999997503
-0.8490480000000389
-0.13600700000006327
-0.5560319999999592
1.0260579999999209
-0.32601900000008754
-1.9191099999998187
0.40002300000014657
-0.5020290000002205
2.184125000000222