-0.03100100000006023
0.3960229999997864
0.8500479999997879
-0.41002300000036485
-0.6910400000001573
0.7480429999995977
-1.9051089999998112
-2.850162999999611
-3.0891770000002907
0.7610429999999724
1.7711009999998168
0.40102299999989555
-2.4551400000000285
-1.878107
2.201125999999931
0.7830449999996745
-0.23401399999966088
-0.34601999999995314
2.159124000000247
-0.22701300000017
-1.7340989999997873
-0.20001200000024255
-0.9100520000001779
-0.47602699999970355
-0.7700439999998707
0.09500600000001214
-1.515085999999883