-0.2130130000000463
-0.6450359999998909
-1.4140809999998964
0.43602499999997235
-0.37302100000033533
-0.12900700000045617
-0.19101099999988946
-0.4390260000000126
-0.2520140000005995
0.3620199999995748
-1.2700720000002548
0.030002000000422413
1.2480709999999817
-0.24701399999958085
0.40002199999980803
-0.044002999999975145
-2.099119999999857
0.2940170000001672
-1.1990679999998974
-1.18406799999957
0.018000999999912892
1.18506699999989
-1.9801139999999577
0.23001299999987168
-0.7040400000000773
-1.383078999999725
0.5420309999999517
-0.13800799999989977
-0.3360189999998511
0.2310139999999592
2.935167999999976
1.2090689999999995
-0.6850389999999607
-0.201010999999653
0.026002000000062253
1.0150579999999536
0.682039000000259
1.0220589999998992
-0.13600699999960852
-2.3561349999999948
-7.247414999999819
-0.04800199999999677
-1.144064999999955
-3.0921769999999924
-0.3060169999998834
0.39702299999999013
0.25301400000034846
-0.1080059999999321
0.07400400000005902
0.0039999999999054126
-1.081061999999747
0.516030000000228
1.7561000000000604
-0.7590430000000197
0.3800219999998262
-1.206068999999843
1.268072000000302
-0.06700399999999718
0.07700500000009924
-0.12400699999989229
-0.4630269999997836
-1.1220640000001367
0.29101700000001074
-1.5980909999998403
-0.33101899999974194
2.006115000000136
-0.6060339999999087
-0.43502399999988484
-1.8321040000000721
-0.05400199999985489
0.5650320000004285
-0.49402799999961644
0.24801400000023932
4.75727199999983
0.16600900000003094
-0.3720220000000154
-0.7310420000003433
-2.0701179999996384
-1.2220699999998033
-0.5450310000001082
0.1270079999999325
0.5610319999996136
-0.7450420000000122
0.2200129999996534
0.427024000000074
0.6170360000000983
0.8760509999997339
4.442254000000048
-0.9130519999998796
-0.10400600000002669
-1.5730899999998655
1.1680670000000646
-0.8390469999999368
0.6170360000000983
1.138065000000097
1.0730610000000524
-0.3030180000000655
1.5860900000002403
2.878165000000081
-0.6410359999999855
-1.7040979999997035
-1.9631129999997938