-867.856358
0.5010290000000168
0.3190180000001419
215.0
0.13500699999985954
0.9360529999999017
-32.33547300000009
-0.32839500000000044
-43.188470999999936
-64.828708
2.4050160000001597
-118.20463800000016
-49.678841000000375
0.8460479999998824
-10.5766050000002
-38.54320499999994
-17.002972000000227
0.08655200000021068
-65.6933039999999
0.17901100000017323
-86.8099659999998
-5.990342000000055
1.1409210000001622
183.0
-117.304709
1.1670669999998609
0.9107589999998709
-61.33421499999986
-0.02400099999977101
-64.69369899999992
-0.5100299999999152
-0.5156089999995856
-117.17012199999999
257.0
1.2444579999996677
-164.84781500000008
0.1920110000000932
-31.5611329999997
0.4183509999998023
-51.45094300000028
0.16100900000037655
-3.052175000000261
-1.0080569999995532
-0.26784700000007433
-163.17550200000005
-68.3839109999999
-0.13300800000024537
-0.832398000000012
1.3324270000002798
-142.96917699999995
-0.215012999999999
-74.55826399999978
-2.1461229999999887
-0.7020399999996698
-6.75638600000002
0.25801499999988664
-0.052004000000124506
-0.03200200000037512
0.36702100000002247
-0.42702399999961926
0.2680159999999887
0.5240300000000389
-0.7240409999999429
-0.590034000000287
0.9890569999997751
1.1510659999999007
-5.7473290000002635
0.0019999999999527063
0.07100399999990259
0.2550139999998464
0.5610320000000684
-0.9710549999999785
1.0150589999998374
2.1941259999998692
0.18200999999999112
0.7180419999999685
0.8680490000001555
-0.6090349999999489
0.9380529999998544
-1.0650610000002416
0.21901200000002063
1.121063999999933
-0.11300599999958649
0.08200500000020838
-0.8860509999999522
0.4480260000000271
-0.6370369999999639
0.28901700000005803
0.2590149999996356
0.11200600000029226
-1.1270639999997911
-0.6940400000003137
-0.8020460000002458
0.33301899999969464
0.050002999999833264
0.1450089999998454
0.4990290000000641
-0.5550320000002102
-1.4020809999997255
-0.8380480000005264
-0.42002400000001217
-0.7120409999997719
1.740099999999984
-1.526086999999734
1.2710720000000038
0.9220530000002327
-0.01000099999964732
-1.2040689999998904
-0.5340310000001409
0.07000400000015361
-0.09100500000022294
-0.06200399999988804
1.428081999999904
-1.0920630000000529
-0.39702299999999013
-1.2160700000003999
-0.05500300000039715
-0.19101099999988946
-0.6060349999997925
-0.33201899999994566
-1.6810960000002524
-0.0840040000002773
1.5910899999998946
-0.03900199999998222
0.6720380000001569
0.27501600000005055
0.5440310000003592
-0.48502800000005664
0.1610089999999218
-0.11300600000004124
-3.8332189999996444
-0.2020119999997405
0.06900399999994988
0.30201800000031653
0.9130519999998796
-2.88316500000019
0.11500699999987773
-0.832046999999875
-1.1780670000002829
-0.3530210000003535
-1.0520599999999831
0.5940330000003087
1.2200699999998506
0.615034999999807
0.0009990000003199384
-2.325133000000278
0.19301099999984217
-0.18501100000003134
0.7070409999996627
-0.12200800000027812
1.2940739999999096
-1.6890960000000632
0.10900599999968108
1.5660899999998037
-0.3120170000001963
0.39502200000015364
0.6100350000001526
0.11300600000004124
0.18601100000023507
0.7860439999999471
-0.6910400000001573
0.5050280000000384
1.5380880000002435
-2.2061270000003788
1.8191030000002684
-1.531086999999843