1.1940680000000157
0.5080289999996239
0.31101799999987634
-2.167123000000174
-2.6081490000001395
-0.5190299999999297
-0.3030180000000655
-1.980113000000074
2.9991720000002715
0.09100499999976819
-0.3880229999999756
2.4811420000000908
-1.9831130000002304
0.4230240000001686
-0.07900399999971341
-0.7500430000000051
-0.23801400000002104
-0.8650499999998829
0.8380479999996169
0.9300530000000435
0.22201300000006086
1.0010580000002847
0.5330309999999372
-0.2840160000000651
-0.07000400000015361
3.03717400000005
0.0010000000002037268