-0.43802499999992506
-0.04800199999999677
0.27201500000001033
0.3630209999996623
0.11600700000008146
0.9190520000001925
-0.3370190000000548
-0.7280420000001868
0.8670499999998356
-1.3910800000003292
2.4671410000000833
2.1401230000001306
-0.25901500000009037
0.9330540000000838
0.43802499999992506
-0.04700299999967683
-3.0091719999995803
-2.1701239999997597
0.4100229999999101
-1.17106799999965
0.7220409999999902
0.70504099999971
0.15000800000007075
0.12000699999998687
0.9390530000000581
0.9520549999997456
0.04200200000013865