0.16600900000003094
-0.9150520000002871
-0.3320190000004004
-1.6860959999999068
-1.2220699999998033
-1.2000680000001012
0.1270079999999325
0.5610319999996136
-0.7450420000000122
0.2200129999996534
0.427024000000074
0.6170360000000983
0.8760509999997339
4.442254000000048
-0.9130519999998796
-0.10400600000002669
-1.5730899999998655
1.1680670000000646
-0.8390469999999368
0.6170360000000983
1.138065000000097
1.0730610000000524
-0.3030180000000655
1.5860900000002403
2.878165000000081
-0.6410359999999855
-1.7040979999997035
-1.9631129999997938