1.8581060000001344
0.2940170000001672
1.4760849999997845
-1.0560609999997723
0.018000999999912892
1.18506699999989
-0.22301300000026458
0.23001299999987168
-0.7040400000000773
-1.383078999999725
0.7980460000003404
-0.009999999999763531
-0.4650259999998525
-0.3080179999997199
3.334190999999919
1.081061999999747
-0.6850389999999607
0.5600320000003194
-0.12800700000025245
1.0150579999999536
0.5540320000000065
0.8940519999996468
-0.13600699999960852
-2.3561349999999948
-7.247414999999819
-0.1390080000001035