-2.099119999999857
0.2940170000001672
-1.1990679999998974
-1.18406799999957
0.018000999999912892
1.18506699999989
-1.9801139999999577
0.23001299999987168
-0.7040400000000773
-1.383078999999725
0.5420309999999517
-0.13800799999989977
-0.3360189999998511
0.2310139999999592
2.935167999999976
1.2090689999999995
-0.6850389999999607
-0.201010999999653
0.026002000000062253
1.0150579999999536
0.682039000000259
1.0220589999998992
-0.13600699999960852
-2.3561349999999948
-7.247414999999819
-0.04800199999999677