-1.144064999999955
-3.0921769999999924
-0.3060169999998834
0.39702299999999013
0.25301400000034846
-0.1080059999999321
0.07400400000005902
0.0039999999999054126
-1.081061999999747
0.516030000000228
1.7561000000000604
-0.7590430000000197
0.3800219999998262
-1.206068999999843
1.268072000000302
-0.06700399999999718
0.07700500000009924
-0.12400699999989229
-0.4630269999997836
-1.1220640000001367
0.29101700000001074
-1.5980909999998403
-0.33101899999974194
2.006115000000136
-0.6060339999999087
-0.43502399999988484
-1.8321040000000721
-0.05400199999985489
0.5650320000004285
-0.49402799999961644
0.24801400000023932
4.75727199999983