-510.17618000000004
-128.2823370000001
-1785.634133
-2494.069653
-441.11223000000007
-2218.336882
-2376.6259360000004
-2234.5268079999996
-2153.755119
-2170.2301310000003
-3313.782538
-1220.2557939999997
-1142.470346
-1059.2185840000002
-1090.515374
-1066.953517
-861.3592669999998
-933.755408
-861.004246
-763.0976459999997
-659.7397339999998
-636.7273660000001
-450.486766
-433.49579399999993
-348.88395500000024
-279.2809729999999
-251.1923670000001
-228.01904100000002
-117.7837370000002
-127.92047000000002
-0.33001899999999296
-53.850081000000046
62.858596000000034
-2461.763805
-2397.776145
-2348.816345
-2247.764564
-2285.133685
-2133.1750110000003
-2106.5894909999997
-2083.6171759999997
-1995.39413
10000
-578.6600979999998
-589.2527419999997
-614.1341269999998
-451.73183700000027
-425.8013540000002
-303.6393680000001
-300.82220499999994
-193.34105799999998
10000
-451.02679799999987
-610.5081069999997
-320.23031600000013
-275.06373299999996
-292.2167129999998
-180.6613339999999
2659.643123
930.4102160000002
-79.75756200000023