-0.45002599999997983
1133.059807
356.4033849999996
-93.38434099999995
-2.559146999999939
-7.214411999999811
-0.34202000000004773
-32.66300200000023
-8.937377000000197
-1.4370820000003732
-74.88728300000002
0.03700200000002951
-18.82907699999987
-0.04400200000009136
-56.87925300000006
-65.28973399999995
-0.10300600000027771
-40.389030000000275
-0.4963089999996555
-1106.938313
2370.822604
480.28347099999974
-0.0910039999998844
10000
-58.681356999999934
0.6890400000002046
-0.93205399999988
10000
-1.3630779999998595
2351.820517
477.14367500000026
-0.23901299999988623
-84.04680700000017
2.2367449999997007
-31.835821000000124
0.20201200000019526
-40.859335999999985
0.14100899999994
0.2670149999999012
-2.1771249999997053
0.37302100000033533
-22.304275999999845
-46.66166999999996
-0.03200199999992037
-0.3430199999997967
-1.5440880000001016
-119.4748340000001
0.1450089999998454
0.24601399999983187
-0.35602099999960046
10000
-0.31176300000015544
-41.12235099999998
-1688.028549
-72.26538800000026
0.14400800000021263
1147.2506190000001