0
1278.789143
-449.36970199999996
2251.8107959999998
659.639729
1.0860619999998562
-72.60115300000007
5.736327999999958
-47.53671899999972
-0.2630149999999958
3.7062120000000505
2.286131000000296
-0.7900450000001911
-1105.632239
-7.694441000000097
2332.191394
461.34238700000014
1.8222540000001572
2701.0754920000004
0.12200699999993958
-95.53861400000005
-0.31401800000003277
-28.416625999999724
2.541146000000026
-17.86802200000011
-1.212069000000156
-38.905207999999675
0.20301100000006045
-0.3040169999999307
-7.5034450000002835
-13.321762000000035
-52.88702599999988
0.018000999999912892
-2.247128999999859
1.3610790000002453
-78.23147500000005
0.8030459999999948
-10.256586999999854
0.518493000000035
-19.67712500000016
-0.15700900000001639
-94.809886
-1.5580899999999929
0.16000900000017282
0.36202099999991333