-1.3610779999999068
-0.5750329999996211
-5.573319000000083
0.7860460000001694
0.2320129999998244
-0.03200200000037512
0.36702100000002247
-0.045001999999840336
0.2680159999999887
0.5240300000000389
1.0110580000000482
-0.4610259999999471
1.3730789999999615
1.2960750000002008
-5.619321000000127
0.0019999999999527063
0.07100399999990259
0.39802300000019386
0.5610320000000684
-0.8450479999996787
1.0150589999998374
2.1941259999998692
-0.24101400000017748
-0.9330530000002
0.6170350000002145
-0.4640269999999873
1.5950910000001386
-1.1900680000003376
0.34801999999990585
-1.0740609999998014
-0.11300599999958649
0.08200500000020838
-0.35802000000012413
0.17500999999992928
0.7000399999997171
0.28901700000005803
0.2590149999996356
0.24001300000008996
-1.1270639999997911
-0.5660320000001775
-0.8020460000002458
0.4620270000000346
0.14600899999959438
0.28901700000005803
0.9000519999999597
0.13100699999995413
-1.4020809999997255