-0.8380480000005264
-0.42002400000001217
-0.7120409999997719
1.740099999999984
-1.526086999999734
1.2710720000000038
0.9220530000002327
-0.01000099999964732
-1.2040689999998904
-0.5340310000001409
0.07000400000015361
-0.09100500000022294
-0.06200399999988804
1.428081999999904
-1.0920630000000529
-0.39702299999999013
-1.2160700000003999
-0.05500300000039715
-0.19101099999988946
-0.6060349999997925
-0.33201899999994566
-1.6810960000002524
-0.0840040000002773
1.5910899999998946
-0.03900199999998222
0.6720380000001569
0.27501600000005055
0.5440310000003592
-0.48502800000005664
0.1610089999999218
-0.11300600000004124
-3.8332189999996444
-0.2020119999997405
0.06900399999994988
0.30201800000031653
0.9130519999998796
-2.88316500000019
0.11500699999987773
-0.832046999999875
-1.1780670000002829
-0.3530210000003535
-1.0520599999999831
0.5940330000003087
1.2200699999998506
0.615034999999807
0.0009990000003199384
-2.325133000000278
0.19301099999984217
-0.18501100000003134
0.7070409999996627
-0.12200800000027812
1.2940739999999096
-1.6890960000000632
0.10900599999968108
1.5660899999998037
-0.3120170000001963
0.39502200000015364
0.6100350000001526
0.11300600000004124
0.18601100000023507
0.7860439999999471
-0.6910400000001573
0.5050280000000384
1.5380880000002435
-2.2061270000003788
1.8191030000002684
-1.531086999999843