-1.691097000000127
1264.5903309999999
2744.787993
-90.4951759999999
0.053003999999873486
-72.2331320000003
-2.6981550000000425
2657.895023
-1049.9699879999998
483.93067900000005
2745.775049
-18.79307499999959
-33.55691900000011
-2.262127999999848
2.359135000000151
-18.515020000000277
-46.89672100000007
1.0090580000000955
0.6070349999999962
-97.03455000000031
0.044002999999975145
-11.621665000000121
0.7660430000000815
-39.228243999999904
-0.9310369999998329
-83.29077999999981
1.0310600000002523
-0.04800299999988056
10000
-3.725586000000021
-79.66418299999987
-44.39954000000034
0.7510429999997541
-0.36402099999986604
-34.79698899999994
-0.20301199999994424
1.6877009999998336
-6.748990000000049
-22.461285000000316
-0.14300700000012512
-39.619267000000036
0.20301199999994424
0.267015999999785
-100.93777399999999
-0.04500300000017887
-1.401079000000209
-78.6484989999999
0.9750549999998839
-1.774101999999857
-115.24859100000003
1.2935489999999845
-125.06162800000038
10000
400.7859229999999
-0.25701600000002145
0.2120119999999588