-0.7100399999999354
0.7260420000002341
-0.20301199999994424
2.7841589999998178
0.14000799999985247
-0.4260239999998703
-1.5310880000001816
-0.19701099999974758
-0.4550250000002052
1.8971090000000004
0.21301200000016252
-0.07800399999996444
-1.0350589999998192
-0.6020349999998871
-0.7830439999997907
-1.5750899999998182
0.08800400000018271
0.24201399999992645
-2.74115699999993
-0.46502700000019104
0.5390310000002501
0.733042000000296
1.330077000000074
1.3740790000001653
0.42802400000027774
0.8170470000000023
-0.4800270000000637
-1.2380709999997634
0.32801900000004025
-0.37102199999981167
0.03400199999987308
-1.7550999999998567
-1.4690839999998389
-1.0850620000001072
0.4120229999998628
-0.45002599999997983
-0.9740549999996801
-0.13800799999989977
-1.4640830000003007
-0.1430080000000089
-2.5811479999997573
-0.35502000000042244
1.4590829999997368
-0.39902299999994284
-0.01400100000000748
-0.15400899999985995
-0.090005999999903
-0.4230240000001686
-0.25501500000018495
-0.6410369999998693
-0.5880339999998796
-0.42102399999976114
0.38302199999998265
-0.580033000000185
0.14700900000025285
-2.846162999999706