-0.09500500000012835
-1.2140699999999924
-1.2200700000003053
0.47902699999986
-0.3070180000004257
1.2800730000003568
-0.8030459999999948
-1.1990679999998974
-0.3120179999996253
1.3550780000000486
-0.41402300000027026
0.7100410000002739
-1.8761070000000473
0.6890400000002046
-1.2620719999999892
-0.6290360000002693
0.15100800000027448
0.983056999999917
6.631379000000379
0.12700700000004872
-0.22301300000026458
0.5360300000002098
1.158067000000301
0.5700320000000829
-0.32601900000008754
-0.016001000000414933
2.6061500000000706
-0.1320079999995869
0.12700700000004872
0.20001099999990402
-1.473084000000199
-0.43702499999972133
-0.6840389999997569
-0.36102100000016435
0.9240530000001854
0.9050520000000688
1.5480889999998908
-0.5120299999998679
0.6310359999997672
0.2450140000000829
1.485084999999799
-0.870049999999992
-1.349076999999852
0.2180119999998169
-0.5020290000002205
1.1300649999998313
0.6170350000002145
0.21801200000027166
-0.46502700000019104
0.8020459999997911
-0.016001999999843974
1.5280870000001414
0.022000999999818305