0.3500200000003133
1.2890729999999166
0.24801399999978457
2.0841190000001006
5.585318999999799
-0.854048000000148
0.5970339999998941
0.4760270000001583
1.4250809999998637
-0.1780100000000857
0.4370250000001761
-0.31301799999982904
-0.08400500000016109
1.0860619999998562
0.7890449999999873
0.4310239999999794
0.70604000000003
0.4600260000001981
1.6980980000003
0.5060289999996712
1.5960909999998876
-0.5830329999998867
-0.31101699999999255
-0.13400799999999435
0.603034000000207
-0.5070289999998749
1.4300819999998566
-0.46002599999974336
-0.21001200000000608
-2.5231439999997747
-0.06600399999979345
0.07800399999996444
0.8440479999999297
0.9370529999996506
2.515143999999964
-0.3060169999998834
0.40002300000014657
0.29301699999996345
0.12200700000039433
-0.25901500000009037
0.5380300000001625
1.8361049999998613
0.6760389999999461
2.510142999999971
0.4180239999996047
-0.08500400000002628
1.6240929999999025
-1.2300700000000688
0.2690149999998539
1.0260590000002594
0.07300499999973908
2.0621179999998276