-0.1980109999999513
-0.09400499999992462
0.2830159999998614
-0.5340310000001409
-1.1170640000000276
-0.3600209999999606
0.07400399999960428
0.1650089999998272
-0.11400599999979022
-1.040059000000383
-0.44002499999987776
-0.022001999999702093
1.8121029999997518
4.819275000000289
0.41502300000001924
0.591034000000036
-0.1780100000000857
0.48902799999996205
-0.9660549999998693
1.1630660000000717
1.1570659999997588
1.9301110000001245
-0.0300030000003062
0.13600799999994706
0.7770449999998164
2.4381389999998646