0.39902299999994284
-0.3930230000000847
0.049003000000084285
0.1270079999999325
-0.48002699999960896
0.7860449999998309
-0.20101199999999153
-2.115121000000272
-0.3400189999997565
-0.06900399999994988
-0.36102000000028056
0.8250479999996969
0.7230419999996229
-0.08300400000007357
0.5600319999998646
-0.04200300000002244
0.10500599999977567
-1.4350819999999658
1.3890789999995832
0.7390419999996993
1.508085999999821
1.610091999999895
-0.4360239999996338
-0.2630149999999958
-0.016000999999960186
1.450083999999606
2.6041480000003503
-0.6570369999999457