0.4390260000000126
0.4840269999999691
1.7691020000002027
-0.2540139999996427
1.4210820000002968
-1.3040750000000116
-0.08300499999995736
-1.1740669999999227
-0.7850450000000819
0.5890329999997448
0.8170470000000023
-1.8691069999999854
1.3930789999999433
0.4980279999999766
-0.9080520000002252
0.3710209999999279
1.5520879999999124
-0.9040519999998651
-2.843163000000004
0.33101899999974194
-2.9141669999999067
-0.443025999999918
-0.6660380000002988
0.1630089999998745
0.5840339999999742
2.351134000000002
-1.3210750000002918
2.422138999999788
-0.38202099999989514
0.5180289999998422
-0.8560489999999845
-0.2860160000000178
1.4860850000000028
1.0530600000001868
-0.5480310000002646
-0.6210360000000037
2.410138000000188
-0.23701400000027206
-0.4170240000003105
-0.22301299999980984
0.021001999999953114
-2.278129999999692
-0.4820279999999002
0.034002000000327826
0.683039000000008
-0.3450199999997494
2.2281270000003133
-1.519086000000243
-1.063061000000289
-0.3180190000002767
-0.2180119999998169
0.4680269999998927
-2.804160000000138
-0.5720329999999194