0.8460479999998824
0.5640320000002248
-0.188010000000304
0.45202599999993254
-0.29501699999991615
-0.13900699999976496
-1.7140979999999217
-3.0151730000002317
0.7590430000000197
-1.4350819999999658
-0.3230189999999311
1.5130859999999302
2.851162999999815
0.25601499999993393
0.33101899999974194
2.6951540000000023
0.40702299999975367
-1.0370590000002267
-1.0830620000001545
-0.18401099999982762
0.0130010000002585
0.6610379999997349
5.6573239999997895
0.125007000000096
-0.263014000000112
-0.3160179999999855
-1.4120809999999437
-2.0241149999997106
0.6620379999999386
0.1430080000000089
0.13700799999969604
0.18800999999984924
-1.0330589999998665
0.5290310000000318
-0.317019000000073
0.6410359999999855
-0.10000599999966653
0.69304000000011
0.013000999999803753
0.2730149999997593
-2.7821579999999813
-2.552146999999877
-0.05600300000014613
-2.9351670000000922
0.1240060000000085
0.5980339999996431
0.2640150000001995
0.14400900000009642
-0.8080449999997654
-0.12400699999989229
-0.4590259999999944
1.092062000000169
-1.0200580000000627
-0.24801499999966836
0.04800299999988056