-1100.0472
1.968112999999903
224.0
-0.8030459999999948
-2.1583370000003015
-56.607024000000365
-88.18204400000013
1.2530720000004294
-47.11493100000007
-39.549025999999685
-3.493199999999888
1.3680779999999686
0.9480539999999564
-90.84619599999996
-0.8574789999997847
-84.4303990000003
-23.71735600000011
0.7110400000001391
-70.33702200000016
-0.22178600000006554
-82.18292699999984
0.3370199999999386
-16.00691500000039
-0.2860160000000178
-19.331104999999752
0.24246799999991708
0.8190469999990455
0.5020290000002205
-3.4331969999998364
-0.8260479999999006
1.0270579999996698
-1.3160749999997279
-0.6880390000001171
0.3350190000001021
-1.6960970000000088
0.19701200000008612
-0.008000999999694614
-0.5380299999997078
0.4100229999999101
0.30701700000008714
0.6730379999999059
-1.5390879999999925
1.0830620000001545
0.1580090000002201
-1.61309300000039
-1.349076999999852
-0.6030339999997523
-0.3450199999997494
0.3000170000000253
1.0040570000001026
1249.2514529999999
-0.01500099999975646
-0.8800500000002103
1.1180640000002313
-0.25201400000014473
0.06800399999974616
0.125007000000096
-4.136237000000165
-0.7860449999998309
0.06400400000029549
2.258128999999826
1.304073999999673
0.3980229999997391
-0.8690499999997883
1.2750730000002477
0.29901699999982156
0.11300600000004124
-1.1120639999999185
-0.678038000000015
-0.5640320000002248
10000.0
-0.20201099999985672
-25.59446399999979
0.24801399999978457
0.17701099999976577
-0.19701200000008612
-22.43228399999998
0.1960109999999986
-19.238100999999915
0.10400699999991048
3.494908000000123
-136.62452299999995
-3.414194999999836
-125.94220299999961
0.6190349999997125
-97.94260099999974
-11.332648000000063
-0.44102499999962674
-88.3990560000002
-1.4070809999998346
0.016000000000076398
-160.897203
0.7300420000001395
10000.0
-0.47047199999997247
0.4400250000003325
2275.248137
-0.9980570000002444
0.6790390000001025
-0.08400499999970634
0.10800699999981589
2.304132000000209
0.022000999999818305
-2.332132999999885
-4.919280999999955
1.4430830000001151
-0.8830509999997957
0.37402200000042285
0.46002599999974336
1.7961029999996754