0.047002999999904205
-3.6062070000002677
-1.3200759999999718
0.126006999999845
2.952168999999685
-0.7850440000001981
-2.4251389999999446
-0.6850389999999607
-0.69304000000011
-0.5720329999999194
2.304132000000209
0.13000800000008894
0.4600260000001981
-2.1971260000000257
-0.6200349999999162
0.3840210000003026
1.1730670000001737
-0.3600209999999606
-1.2610719999997855
-1.6520949999999175
0.5440319999997882
0.06800399999974616
-0.48302700000022014
-1.8901080000000547
0.3940229999998337
-0.054003000000193424
2.094118999999864