-0.6690389999998843
1.2700730000001386
-0.24001399999997375
-1.883107999999993
1.8881089999999858
1.298073999999815
-2.12112100000013
-0.29101700000001074
-3.1651809999998477
1.5880910000000767
0.17000999999982014
-0.10900700000001962
-0.7620440000000599
0.604033999999956
0.9310529999997925
-2.0291159999997035
-0.8990519999997559
0.25901500000009037
1.3000739999997677
-3.931224999999813
0.0039999999999054126
0.5950339999999414
-1.3220750000000407
-1.7320989999998346
-0.4370240000002923
0.2580150000003414