0.4390260000000126
0.4840269999999691
1.7691020000002027
-0.2540139999996427
1.4210820000002968
-1.3040750000000116
-0.08300499999995736
-1.1740669999999227
-0.7850450000000819
0.5890329999997448
0.8170470000000023
-1.8691069999999854
1.3930789999999433
0.4980279999999766
-0.9080520000002252
0.3710209999999279
1.5520879999999124
-0.9040519999998651
-2.843163000000004
0.33101899999974194
-2.9141669999999067
-0.443025999999918
-0.6660380000002988
0.1630089999998745
0.5840339999999742
2.351134000000002
-1.3210750000002918
2.422138999999788
-0.38202099999989514
0.5180289999998422
-0.8560489999999845
-0.2860160000000178
1.4860850000000028
1.0530600000001868
-0.5480310000002646
-0.6210360000000037
2.410138000000188
-0.23701400000027206
-0.4170240000003105
-0.22301299999980984
0.021001999999953114
-2.278129999999692
-0.4820279999999002
0.034002000000327826
0.683039000000008
-0.3450199999997494
2.2281270000003133
-1.519086000000243
-1.063061000000289
-0.3180190000002767
-0.2180119999998169
0.4680269999998927
-2.804160000000138
-0.5720329999999194
0.8460479999998824
0.5640320000002248
-0.188010000000304
0.45202599999993254
-0.29501699999991615
-0.13900699999976496
-1.7140979999999217
-3.0151730000002317
0.7590430000000197
-1.4350819999999658
-0.3230189999999311
1.5130859999999302
2.851162999999815
0.25601499999993393
0.33101899999974194
2.6951540000000023
0.40702299999975367
-1.0370590000002267
-1.0830620000001545
-0.18401099999982762
0.0130010000002585
0.6610379999997349
5.6573239999997895
0.125007000000096
-0.263014000000112
-0.3160179999999855
-1.4120809999999437
-2.0241149999997106
0.6620379999999386
0.1430080000000089
0.13700799999969604
0.18800999999984924
-1.0330589999998665
0.5290310000000318
-0.317019000000073
0.6410359999999855
-0.10000599999966653
0.69304000000011
0.013000999999803753
0.2730149999997593
-2.7821579999999813
-2.552146999999877
-0.05600300000014613
-2.9351670000000922
0.1240060000000085
0.5980339999996431
0.2640150000001995
0.14400900000009642
-0.8080449999997654
-0.12400699999989229
-0.4590259999999944
1.092062000000169
-1.0200580000000627
-0.24801499999966836
0.04800299999988056
-0.8300480000000334
1.1840669999996862
1.2890740000002552
0.05100300000003699
-0.567033000000265
0.22101299999985713
-0.2640160000000833
-1.127064999999675
-1.0030580000002374
-0.5350300000000061
0.24901299999964976
-2.8001600000002327
-0.9850559999999859
-1.4650830000000497
0.215012999999999
0.24201300000004267
-0.4630259999998998
-0.722041999999874
-0.7970449999997982
1.0220580000000155
1.9571110000001681
0.3050180000000182
0.19401199999992969
1.9431110000000444
-0.1980109999999513
-0.09400499999992462
0.2830159999998614
-0.5340310000001409
-1.1170640000000276
-0.3600209999999606
0.07400399999960428
0.1650089999998272
-0.11400599999979022
-1.040059000000383
-0.44002499999987776
-0.022001999999702093
1.8121029999997518
4.819275000000289
0.41502300000001924
0.591034000000036
-0.1780100000000857
0.48902799999996205
-0.9660549999998693
1.1630660000000717
1.1570659999997588
1.9301110000001245
-0.0300030000003062
0.13600799999994706
0.7770449999998164
2.4381389999998646
-0.03100100000006023
0.3960229999997864
0.8500479999997879
-0.41002300000036485
-0.6910400000001573
0.7480429999995977
-1.9051089999998112
-2.850162999999611
-3.0891770000002907
0.7610429999999724
1.7711009999998168
0.40102299999989555
-2.4551400000000285
-1.878107
2.201125999999931
0.7830449999996745
-0.23401399999966088
-0.34601999999995314
2.159124000000247
-0.22701300000017
-1.7340989999997873
-0.20001200000024255
-0.9100520000001779
-0.47602699999970355
-0.7700439999998707
0.09500600000001214
-1.515085999999883
0.047002999999904205
-3.6062070000002677
-1.3200759999999718
0.126006999999845
2.952168999999685
-0.7850440000001981
-2.4251389999999446
-0.6850389999999607
-0.69304000000011
-0.5720329999999194
2.304132000000209
0.13000800000008894
0.4600260000001981
-2.1971260000000257
-0.6200349999999162
0.3840210000003026
1.1730670000001737
-0.3600209999999606
-1.2610719999997855
-1.6520949999999175
0.5440319999997882
0.06800399999974616
-0.48302700000022014
-1.8901080000000547
0.3940229999998337
-0.054003000000193424
2.094118999999864
-0.6690389999998843
1.2700730000001386
-0.24001399999997375
-1.883107999999993
1.8881089999999858
1.298073999999815
-2.12112100000013
-0.29101700000001074
-3.1651809999998477
1.5880910000000767
0.17000999999982014
-0.10900700000001962
-0.7620440000000599
0.604033999999956
0.9310529999997925
-2.0291159999997035
-0.8990519999997559
0.25901500000009037
1.3000739999997677
-3.931224999999813
-0.005000000000109139
0.5950339999999414
-1.3220750000000407
-1.7320989999998346
-0.4370240000002923
0.2580150000003414
-0.7980449999995471
3.2671869999999217
-0.021001000000069325
0.6470369999997274
-0.17200899999988906
0.0400019999997312
0.1620100000000093
-1.3180750000001353
0.9860560000001897
0.2920169999997597
-1.1650669999999081
0.5970339999998941
-1.6010920000003352
0.2440140000003339
0.4290249999999105
-1.6990969999997105
0.10900700000001962
-0.3440189999996619
-2.1661239999998543
-0.8240470000000641
-1.7781020000002172
1.0390589999997246
0.4110239999999976
-0.43802499999992506
-0.04800199999999677
0.27201500000001033
0.3630209999996623
0.11600700000008146
0.9190520000001925
-0.3370190000000548
-0.7280420000001868
0.8670499999998356
-1.3910800000003292
2.4671410000000833
2.1401230000001306
-0.25901500000009037
0.9330540000000838
0.43802499999992506
-0.04700299999967683
-3.0091719999995803
-2.1701239999997597
0.4100229999999101
-1.17106799999965
0.7220409999999902
0.70504099999971
0.15000800000007075
0.12000699999998687
0.9390530000000581
0.9520549999997456
0.04200200000013865
1.1940680000000157
0.5080289999996239
0.31101799999987634
-2.167123000000174
-2.6081490000001395
-0.5190299999999297
-0.3030180000000655
-1.980113000000074
2.9991720000002715
0.09100499999976819
-0.3880229999999756
2.4811420000000908
-1.9831130000002304
0.4230240000001686
-0.07900399999971341
-0.7500430000000051
-0.23801400000002104
-0.8650499999998829
0.8380479999996169
0.9300530000000435
0.22201300000006086
1.0010580000002847
0.5330309999999372
-0.2840160000000651
-0.07000400000015361
3.03717400000005
-0.007000000000061846
-1.1400659999999334
-1.445082000000184
1.605091999999786
-0.4240239999999176
-0.5020280000007915
-0.3850220000003901
0.30401700000038545
0.2720159999998941
-1.5800910000007207
-0.049003000000084285
-1.6680960000003324
-0.554030999999668
1.2480709999999817
-0.519029999999475
1.9191099999998187
1.1020639999997002
1.8581060000001344
0.2940170000001672
1.4760849999997845
-1.0560609999997723
0.018000999999912892
1.18506699999989
-0.22301300000026458
0.23001299999987168
-0.7040400000000773
-1.383078999999725
0.7980460000003404
-0.009999999999763531
-0.4650259999998525
-0.3080179999997199
3.334190999999919
1.081061999999747
-0.6850389999999607
0.5600320000003194
-0.12800700000025245
1.0150579999999536
0.5540320000000065
0.8940519999996468
-0.13600699999960852
-2.3561349999999948
-7.247414999999819
-0.1390080000001035
-1.3520770000000084
-3.0921769999999924
-0.5780329999997775
0.39702299999999013
0.25301400000034846
0.28101599999990867
0.5310300000001007
-0.2610150000000431
-0.0860050000001138
0.24401399999987916
1.5000860000000102
-0.8870510000001559
0.3800219999998262
-1.206068999999843
1.268072000000302
-0.3230189999999311
-0.3330190000001494
-0.3960229999997864
-0.4630269999997836
-1.1220640000001367
0.03400199999987308
-1.4710839999997916
-0.5870329999997921
2.006115000000136
0.8610490000000937
-0.1790099999998347
-1.8321040000000721
0.6800379999999677
0.18301000000019485
-0.8790500000000065
0.24801400000023932
4.628264999999828
0.16600900000003094
-0.9150520000002871
-0.3320190000004004
-1.6860959999999068
-1.2220699999998033
-1.2000680000001012
0.1270079999999325
0.5610319999996136
-0.7450420000000122
0.2200129999996534
0.427024000000074
0.6170360000000983
0.8760509999997339
4.442254000000048
-0.9130519999998796
-0.10400600000002669
-1.5730899999998655
1.1680670000000646
-0.8390469999999368
0.6170360000000983
1.138065000000097
1.0730610000000524
-0.3030180000000655
1.5860900000002403
2.878165000000081
-0.6410359999999855
-1.7040979999997035
-1.9631129999997938
-1.691097000000127
1264.5903309999999
2744.787993
-90.4951759999999
0.053003999999873486
-72.2331320000003
-2.6981550000000425
2657.895023
-1049.9699879999998
483.93067900000005
2745.775049
-18.79307499999959
-33.55691900000011
-2.262127999999848
2.359135000000151
-18.515020000000277
-46.89672100000007
1.0090580000000955
0.6070349999999962
-97.03455000000031
0.044002999999975145
-11.621665000000121
0.7660430000000815
-39.228243999999904
-0.9310369999998329
-83.29077999999981
1.0310600000002523
-0.04800299999988056
10000.0
-3.725586000000021
-79.66418299999987
-44.39954000000034
0.7510429999997541
-0.36402099999986604
-34.79698899999994
-0.20301199999994424
1.6877009999998336
-6.748990000000049
-22.461285000000316
-0.14300700000012512
-39.619267000000036
0.20301199999994424
0.267015999999785
-100.93777399999999
-0.04500300000017887
-1.401079000000209
-78.6484989999999
0.9750549999998839
-1.774101999999857
-115.24859100000003
1.2935489999999845
-125.06162800000038
10000.0
400.7859229999999
-0.25701600000002145
0.2120119999999588
-0.45002599999997983
1133.059807
356.4033849999996
-93.38434099999995
-2.559146999999939
-7.214411999999811
-0.34202000000004773
-32.66300200000023
-8.937377000000197
-1.4370820000003732
-74.88728300000002
0.03700200000002951
-18.82907699999987
-0.04400200000009136
-56.87925300000006
-65.28973399999995
-0.10300600000027771
-40.389030000000275
-0.4963089999996555
-1106.938313
2370.822604
480.28347099999974
-0.0910039999998844
10000.0
-58.681356999999934
0.6890400000002046
-0.93205399999988
10000.0
-1.3630779999998595
2351.820517
477.14367500000026
-0.23901299999988623
-84.04680700000017
2.2367449999997007
-31.835821000000124
0.20201200000019526
-40.859335999999985
0.14100899999994
0.2670149999999012
-2.1771249999997053
0.37302100000033533
-22.304275999999845
-46.66166999999996
-0.03200199999992037
-0.3430199999997967
-1.5440880000001016
-119.4748340000001
0.1450089999998454
0.24601399999983187
-0.35602099999960046
10000.0
-0.31176300000015544
-41.12235099999998
-1688.028549
-72.26538800000026
0.14400800000021263
1147.2506190000001
0.2620150000000194
1261.4341490000002
-64.53469099999984
-0.08200500000020838
-983.0092250000002
2335.5195839999997
263.26005699999996
-1036.9713110000002
-0.568033000000014
2278.071245
428.5465119999999
0.31501699999989796
-77.17635999999993
1.1560660000000098
0.22701299999971525
0.39391299999988405
-26.182498000000123
-99.44368699999995
-0.4199140000000625
-44.998573999999735
0.3400189999997565
-61.77053399999977
1.958111999999801
-141.6841029999996
1.4449279999998907
-0.7040409999999611
1.9031089999998585
1.567243999999846
-67.60586699999976
-0.13500800000019808
-4.619431000000077
-1.4100800000001072
-57.75030300000026
-26.455345999999736
-3.5081999999997606
-1.9821139999999104
-73.85322399999995
0.7266460000000734
0.21001200000000608
-0.43902499999967404
10000.0
-118.72579099999984
-4.007230000000163
0.2940170000001672
17.382090000000062
0.0130010000002585
-67.34885299999996
-2.334132999999838
-16.524945000000116
-0.37902100000019345
-0.27201600000034887
-0.17100900000059482
0.6650379999996403
0.07000400000015361
0.3940229999998337
0.5250290000003588
-1.307075000000168
1.1560669999998936
2.0661180000001877
2.053117999999813
0.041001999999934924
-1.753099999999904
0.3060169999998834
0.22701400000005378
0.997056999999586
-0.2450140000000829
-1.854106000000229
0.9240540000000692
0.055002999999942404
-1.10306300000002
-0.24601400000028661
0.1500090000004093
-0.3700210000001789
0.1630089999998745
1.1330649999999878
-0.9030520000001161
-0.6910400000001573
-1.797102999999879
0.14600800000016534
-1.1160640000002786
0.04600299999992785
0.5340299999998024
0.47002699999984543
2.387137000000166
-0.5590320000001157
0.4100239999997939
0.6240359999997054
2.361135000000104
0.29701699999986886
2.1431229999998322
-0.04700299999967683
1.2920739999999569
0.12800800000013624
0.6100339999998141
0.794046000000435
-0.47102700000004916
0.2090130000001409
0.8880510000003596
-0.09600499999987733
-1.1670670000003156
0.22601399999985006
-1.149065999999948
0.3940219999999499
-1.309074999999666
-0.9800570000002153
1.377078999999867
0.7380430000002889
-2.1951249999997344
-0.09200600000031045
1.401079999999638
0.7010400000003756
-1.1700660000001335
-1.859106000000338
-1.5100859999997738
0.9600550000000112
-1.4990859999998065
-1.206068999999843
-0.36302100000011706
-1.2490720000000692
-0.2660150000001522
-3.5922059999998055
1.1740669999999227
-1.1310639999996965
0.2690159999997377
-1.359077999999954
3.972226999999748
0.7770449999998164
2.6821529999997438
-0.32701799999995274
-0.4310249999998632
0.9250529999999344
0.05400299999973868
0.5080290000000787
0.14200799999980518
1.0930629999998018
0.9700549999997747
-0.48802699999987453
-0.21001200000000608
0.2900159999999232
0.9820559999998295
1.0870629999999437
0.48302800000010393
0.41202400000020134
-0.03200199999992037
-0.1810099999997874
0.09300500000017564
-0.5300309999997808
1.1090629999998782
0.8970499999995809
1.259070999999949
-0.012001000000054773
-2.109120999999959
-0.38602199999968434
-0.5690330000002177
-0.054003000000193424
-2.1251210000000356
0.15200899999990725
0.6840389999997569
-0.3160179999999855
-4.0512319999998
-2.7591569999999592
0.3040169999999307
1.4830839999999625
0.1980109999999513
-0.8140459999999621
1.028059000000212
-0.8610499999999774
4.139236999999866
-0.025000999999974738
-0.12000699999998687
-0.0770049999996445
-2.8461630000001605
-0.26401499999974476
0.8240469999996094
-1.135066000000279
0.41402300000027026
-2.356134000000111
0.046001999999589316
2.4701410000002397
-3.2041830000002847
-1.6800960000000487
0.3360189999998511
0.8500479999997879
0.1550080000001799
0.33001899999999296
-0.07700400000021546
0.5900339999998323
-1.8681069999997817
-0.21301200000016252
0.02300100000002203
0.5220299999996314
0.668036999999913
-0.9610549999997602
0.48202699999956167
-2.8051609999999982
0.05100300000003699
-0.3860220000001391
0.7270419999999831
0.07600499999989552
2.315132000000176
0.7480430000000524
-0.478027000000111
-4.2312409999999545
0.25401400000009744
-0.22001300000010815
-0.24201399999992645
0.26401499999974476
-0.9480540000004112
-3.3311909999997624
0.17101000000002387
-0.26201499999979205
0.7540430000003653
-2.58014699999967
0.05200299999978597
-0.5830329999998867
-0.17700999999988198
-3.8412200000002485
0.9590550000002622
-1.3280760000002374
-0.06600300000036441
-0.6270360000003166
0.03700200000002951
-0.018000999999912892
-1.981112999999823
-1.1010630000000674
0.059002999999847816
-2.925166999999874
-2.0681179999996857
0.17600900000024922
0.27901599999995597
-0.3870220000003428
-5.153294000000187
-0.14900800000032177
-1.2790730000001531
0.7840460000002167
-1.990114000000176
1.8931080000002112
-0.08000500000025568
0.7240409999999429
0.6600379999999859
0.568033000000014
-0.12300700000014331
-0.07300500000019383
-1.786102000000028
0.5530319999998028
0.7100409999998192
-0.022001000000273052
0.8350479999999152
-1.138065000000097
-0.12400700000034703
0.2140119999999115
-0.4810280000001512
1.1550660000002608
0.4120229999998628
-1.1100639999999657
-0.10700700000006691
1.9021089999996548
0.04700300000013158
-0.7780450000000201
-0.4310239999999794
-1.0320590000001175
0.7250420000000304
0.2530139999998937
-0.36202000000002954
-0.17901000000028944
-2.4541410000001633
-0.03200199999992037
-0.6180349999999635
-1.371078000000125
-1.3330759999998918
-3.2111829999998918
-0.6010339999997996
1.5170859999998356
0.5750320000001921
0.2940169999997124
-1.0420600000002196
-0.2120119999999588
1.0150579999999536
0.6200349999999162
0.1980109999999513
2.9991719999998168
0.5550319999997555
-0.0200009999998656
-0.05500400000028094
-0.43402500000001965
-2.212126999999782
-0.5740329999998721
0.36002100000041537
0.22801300000037372
1.991113999999925
0.6080349999997452
0.21701299999995172
-0.8580489999999372
0.20401200000014796
-0.7310419999998885
-1.4180820000001404
2.022114999999758
-0.09500500000012835
-1.2140699999999924
-1.2200700000003053
0.47902699999986
-0.3070180000004257
1.2800730000003568
-0.8030459999999948
-1.1990679999998974
-0.3120179999996253
1.3550780000000486
-0.41402300000027026
0.7100410000002739
-1.8761070000000473
0.6890400000002046
-1.2620719999999892
-0.6290360000002693
0.15100800000027448
0.983056999999917
6.631379000000379
0.12700700000004872
-0.22301300000026458
0.5360300000002098
1.158067000000301
0.5700320000000829
-0.32601900000008754
-0.016001000000414933
2.6061500000000706
-0.1320079999995869
0.12700700000004872
0.20001099999990402
-1.473084000000199
-0.43702499999972133
-0.6840389999997569
-0.36102100000016435
0.9240530000001854
0.9050520000000688
1.5480889999998908
-0.5120299999998679
0.6310359999997672
0.2450140000000829
1.485084999999799
-0.870049999999992
-1.349076999999852
0.2180119999998169
-0.5020290000002205
1.1300649999998313
0.6170350000002145
0.21801200000027166
-0.46502700000019104
0.8020459999997911
-0.016001999999843974
1.5280870000001414
0.022000999999818305
0.2060119999998733
0.011000999999851047
0.09000500000001921
-0.2110120000002098
-0.905051000000185
-1.4670839999998861
0.21601300000020274
-1.7390999999997803
0.39602300000024115
-0.3160179999999855
0.21501200000011522
-0.14900799999986702
-0.3310190000001967
0.7580430000002707
-0.733042999999725
0.9630550000001676
0.20901199999980236
-1.9091089999997166
0.3960229999997864
0.19301100000029692
0.19401200000038443
1.6020909999997457
0.09300599999960468
0.010999999999967258
1.1480659999997442
0.09200499999997191
1.3790790000002744
0.5070279999999912
1.8781079999998838
-0.11400599999979022
-1.6950970000002599
-0.05200300000024072
1.3830800000000636
0.6550379999998768
0.6970400000000154
0.717040999999881
-1.3840789999999288
0.4470249999999396
0.8390480000002754
-0.5990339999998469
-0.24501399999962814
-0.010999999999967258
-0.7660439999999653
-0.050001999999949476
1.6490939999998773
-1.563090000000102
1.262072999999873
-0.12000699999998687
0.25801499999988664
1.1210630000000492
-1.6300929999997607
0.7780440000001363
0.33902000000034604