-1.9761130000001685
0.21701200000006793
0.8040470000000823
0.01400100000000748
-0.42002499999989595
0.4820270000000164
1.9031090000003132
-2.954168000000209
-0.06300300000020798
-0.3270189999998365
0.10300499999993917
-1.8711069999999381
0.4970279999997729
0.8530479999999443
0.5890340000000833
-1.4190800000001218
0.0660040000002482
1.5660899999998037
1.1870679999997265
1.4750850000000355
-1.2210700000000543
2.008114000000205
-1.1850680000002285
0.5630320000000211
-0.2330139999999119
-1.4170819999999367
0.3880220000000918