-1.3520770000000084
-3.0921769999999924
-0.5780329999997775
0.39702299999999013
0.25301400000034846
0.28101599999990867
0.5310300000001007
-0.2610150000000431
-0.0860050000001138
0.24401399999987916
1.5000860000000102
-0.8870510000001559
0.3800219999998262
-1.206068999999843
1.268072000000302
-0.3230189999999311
-0.3330190000001494
-0.3960229999997864
-0.4630269999997836
-1.1220640000001367
0.03400199999987308
-1.4710839999997916
-0.5870329999997921
2.006115000000136
0.8610490000000937
-0.1790099999998347
-1.8321040000000721
0.6800379999999677
0.18301000000019485
-0.8790500000000065
0.24801400000023932
4.628264999999828