-0.0730039999998553
-0.5470310000000609
2.01911599999994
-0.3170180000001892
1.5490890000000945
0.4820270000000164
-0.3990219999996043
1.9421109999998407
-0.1790099999998347
-0.9890559999998914
-0.3920219999999972
1.1530659999998534
0.32601900000008754
2.1791250000001128
0.882050000000163
2.2861299999999574
0.011001000000305794
-0.020001000000320346
0.31401800000003277
-0.8790500000000065
-0.2990170000002763
0.0990060000003723
0.4740280000000894
-0.15700900000001639
0.2120119999999588
-0.4360239999996338
0.46702700000014374
1.2890739999998004
-1.331075999999939
0.8220470000001114
-1.30107500000031
-0.967055000000073
0.26701600000023973
-1.4930849999996099
0.7660439999999653
-0.035002000000076805
0.5900329999999485
-0.5390309999997953
3.669210000000021
-0.11300699999992503
0.7720439999998234
0.24201399999992645
0.8640500000001339
2.5841479999999137
0.443025999999918
0.13000700000020515
-1.4230819999997948
1.9941140000000814
-0.6460369999999784
-0.3280179999997017