0.8970499999995809
1.259070999999949
-0.012001000000054773
-2.109120999999959
-0.38602199999968434
-0.5690330000002177
-0.054003000000193424
-2.1251210000000356
0.15200899999990725
0.6840389999997569
-0.3160179999999855
-4.0512319999998
-2.7591569999999592
0.3040169999999307
1.4830839999999625
0.1980109999999513
-0.8140459999999621
1.028059000000212
-0.8610499999999774
4.139236999999866
-0.025000999999974738
-0.12000699999998687
-0.0770049999996445
-2.8461630000001605
-0.26401499999974476
0.8240469999996094
-1.135066000000279
0.41402300000027026
-2.356134000000111
0.046001999999589316
2.4701410000002397
-3.2041830000002847
-1.6800960000000487
0.3360189999998511
0.8500479999997879
0.1550080000001799
0.33001899999999296
-0.07700400000021546
0.5900339999998323
-1.8681069999997817
-0.21301200000016252
0.02300100000002203
0.5220299999996314
0.668036999999913
-0.9610549999997602
0.48202699999956167