1.5180869999999231
1261.118132
121.71996200000012
-36.31907799999999
-1.4390830000002097
10000
-1.5630889999997635
10000
1.3619220000000496
-106.52993699999979
0.8450490000000173
-0.2990180000001601
-0.21001299999988987
-62.202557999999954
0.45102600000018356
-1044.4727400000002
432.0067090000002
-1.3988359999998465
10000
0.20401099999980943
0.27101600000014514
-139.02195200000006
1.2930739999997058
2.2190740000000915
-1.191016000000218
-6.107348999999886
1.084063000000242
-0.07300400000031004
-2.465140999999676
-27.095550000000003
-964.5101669999999
2315.540441
428.03848300000027
-22.25227300000006
-35.553034000000025
1.4543659999999363
-0.0200009999998656
-1220.6371000000004
-8.194469000000026
2374.946839
382.4838770000001
0.6740380000001096
-91.51823400000012
0.9058620000000701
-102.56986600000027
0.8210469999999077
-36.09587499999998
0.6440359999996872
-0.046203999999761436
0.694039999999859