-0.09400499999992462
0.6650379999996403
0.07000400000015361
0.3940229999998337
0.5250290000003588
-1.1990689999997812
1.1560669999998936
2.0661180000001877
2.053117999999813
0.041001999999934924
-1.712097999999969
0.3060169999998834
0.22701400000005378
-0.9570550000003095
-0.09500600000001214
-1.6700960000002851
0.9240540000000692
0.055002999999942404
-1.0520599999999831
0.018000999999912892
0.1500090000004093
-0.1610099999998056
0.1630089999998745
1.1330649999999878
-0.6250359999999091
-0.5100300000003699
-1.5100869999996576
0.14600800000016534
-0.9350540000000365
0.04600299999992785
0.5340299999998024
0.47002699999984543
2.387137000000166
-0.29301600000007966
0.4100239999997939
0.6240359999997054
2.361135000000104
0.29701699999986886
2.1431229999998322
-0.04700299999967683
-1.1000629999998637
0.12800800000013624
0.6100339999998141
0.794046000000435
-0.3190190000000257
0.2090130000001409
0.8880510000003596
-0.03900199999998222
-0.9780560000003788