-0.17100900000059482
0.6650379999996403
0.07000400000015361
0.3940229999998337
0.5250290000003588
-1.307075000000168
1.1560669999998936
2.0661180000001877
2.053117999999813
0.041001999999934924
-1.753099999999904
0.3060169999998834
0.22701400000005378
0.997056999999586
-0.2450140000000829
-1.854106000000229
0.9240540000000692
0.055002999999942404
-1.10306300000002
-0.24601400000028661
0.1500090000004093
-0.3700210000001789
0.1630089999998745
1.1330649999999878
-0.9030520000001161
-0.6910400000001573
-1.797102999999879
0.14600800000016534
-1.1160640000002786
0.04600299999992785
0.5340299999998024
0.47002699999984543
2.387137000000166
-0.5590320000001157
0.4100239999997939
0.6240359999997054
2.361135000000104
0.29701699999986886
2.1431229999998322
-0.04700299999967683
1.2920739999999569
0.12800800000013624
0.6100339999998141
0.794046000000435
-0.47102700000004916
0.2090130000001409
0.8880510000003596
-0.09600499999987733
-1.1670670000003156