1.0040570000001026
1249.2514529999999
-0.01500099999975646
-0.8800500000002103
1.1180640000002313
-0.25201400000014473
0.06800399999974616
0.125007000000096
-4.136237000000165
-0.7860449999998309
0.06400400000029549
2.258128999999826
1.304073999999673
0.3980229999997391
-0.8690499999997883
1.2750730000002477
0.29901699999982156
0.11300600000004124
-1.1120639999999185
-0.678038000000015
-0.5640320000002248
10000
-0.20201099999985672
-25.59446399999979
0.24801399999978457
0.17701099999976577
-0.19701200000008612
-22.43228399999998
0.1960109999999986
-19.238100999999915
0.10400699999991048
3.494908000000123
-136.62452299999995
-3.414194999999836
-125.94220299999961
0.6190349999997125
-97.94260099999974
-11.332648000000063
-0.44102499999962674
-88.3990560000002
-1.4070809999998346
0.016000000000076398
-160.897203
0.7300420000001395
10000
-0.47047199999997247
0.4400250000003325
2275.248137
-0.9980570000002444
0.6790390000001025
-0.08400499999970634
0.10800699999981589
2.304132000000209
0.022000999999818305
-2.332132999999885
-4.919280999999955
1.4430830000001151
-0.8830509999997957
0.37402200000042285
0.46002599999974336
1.7961029999996754