0.22601399999985006
-1.149065999999948
0.3940219999999499
-1.309074999999666
-0.9800570000002153
1.377078999999867
0.7380430000002889
-2.1951249999997344
-0.09200600000031045
1.401079999999638
0.7010400000003756
-1.1700660000001335
-1.859106000000338
-1.5100859999997738
0.9600550000000112
-1.4990859999998065
-1.206068999999843
-0.36302100000011706
-1.2490720000000692
-0.2660150000001522
-3.5922059999998055
1.1740669999999227
-1.1310639999996965
0.2690159999997377
-1.359077999999954
3.972226999999748
0.7770449999998164
2.6821529999997438
-0.32701799999995274
-0.4310249999998632
0.9250529999999344
0.05400299999973868
0.5080290000000787
0.14200799999980518
1.0930629999998018
0.9700549999997747
-0.48802699999987453
-0.21001200000000608
0.2900159999999232
0.9820559999998295
1.0870629999999437
0.48302800000010393
0.41202400000020134
-0.03200199999992037
-0.1810099999997874
0.09300500000017564
-0.5300309999997808
1.1090629999998782