0.2620150000000194
1261.4341490000002
-64.53469099999984
-0.08200500000020838
-983.0092250000002
2335.5195839999997
263.26005699999996
-1036.9713110000002
-0.568033000000014
2278.071245
428.5465119999999
0.31501699999989796
-77.17635999999993
1.1560660000000098
0.22701299999971525
0.39391299999988405
-26.182498000000123
-99.44368699999995
-0.4199140000000625
-44.998573999999735
0.3400189999997565
-61.77053399999977
1.958111999999801
-141.6841029999996
1.4449279999998907
-0.7040409999999611
1.9031089999998585
1.567243999999846
-67.60586699999976
-0.13500800000019808
-4.619431000000077
-1.4100800000001072
-57.75030300000026
-26.455345999999736
-3.5081999999997606
-1.9821139999999104
-73.85322399999995
0.7266460000000734
0.21001200000000608
-0.43902499999967404
10000
-118.72579099999984
-4.007230000000163
0.2940170000001672
17.382090000000062
0.0130010000002585
-67.34885299999996
-2.334132999999838
-16.524945000000116
-0.37902100000019345
-0.27201600000034887