-2.1461229999999887
-0.7020399999996698
-6.75638600000002
0.25801499999988664
-0.052004000000124506
-0.03200200000037512
0.36702100000002247
-0.42702399999961926
0.2680159999999887
0.5240300000000389
-0.7240409999999429
-0.590034000000287
0.9890569999997751
1.1510659999999007
-5.7473290000002635
0.0019999999999527063
0.07100399999990259
0.2550139999998464
0.5610320000000684
-0.9710549999999785
1.0150589999998374
2.1941259999998692
0.18200999999999112
0.7180419999999685
0.8680490000001555
-0.6090349999999489
0.9380529999998544
-1.0650610000002416
0.21901200000002063
1.121063999999933
-0.11300599999958649
0.08200500000020838
-0.8860509999999522
0.4480260000000271
-0.6370369999999639
0.28901700000005803
0.2590149999996356
0.11200600000029226
-1.1270639999997911
-0.6940400000003137
-0.8020460000002458
0.33301899999969464
0.050002999999833264
0.1450089999998454
0.4990290000000641
-0.5550320000002102
-1.4020809999997255