-2.8051609999999982
0.05100300000003699
-0.3860220000001391
0.7270419999999831
0.07600499999989552
2.315132000000176
0.7480430000000524
-0.478027000000111
-4.2312409999999545
0.25401400000009744
-0.22001300000010815
-0.24201399999992645
0.26401499999974476
-0.9480540000004112
-3.3311909999997624
0.17101000000002387
-0.26201499999979205
0.7540430000003653
-2.58014699999967
0.05200299999978597
-0.5830329999998867
-0.17700999999988198
-3.8412200000002485
0.9590550000002622
-1.3280760000002374
-0.06600300000036441
-0.6270360000003166
0.03700200000002951
-0.018000999999912892
-1.981112999999823
-1.1010630000000674
0.059002999999847816
-2.925166999999874
-2.0681179999996857
0.17600900000024922
0.27901599999995597
-0.3870220000003428
-5.153294000000187
-0.14900800000032177
-1.2790730000001531
0.7840460000002167
-1.990114000000176
1.8931080000002112
-0.08000500000025568
0.7240409999999429
0.6600379999999859
0.568033000000014
-0.12300700000014331
-0.07300500000019383
-1.786102000000028