-867.856358
0.5010290000000168
0.3190180000001419
215
0.13500699999985954
0.9360529999999017
-32.33547300000009
-0.32839500000000044
-43.188470999999936
-64.828708
2.4050160000001597
-118.20463800000016
-49.678841000000375
0.8460479999998824
-10.5766050000002
-38.54320499999994
-17.002972000000227
0.08655200000021068
-65.6933039999999
0.17901100000017323
-86.8099659999998
-5.990342000000055
1.1409210000001622
183
-117.304709
1.1670669999998609
0.9107589999998709
-61.33421499999986
-0.02400099999977101
-64.69369899999992
-0.5100299999999152
-0.5156089999995856
-117.17012199999999
257
1.2444579999996677
-164.84781500000008
0.1920110000000932
-31.5611329999997
0.4183509999998023
-51.45094300000028
0.16100900000037655
-3.052175000000261
-1.0080569999995532
-0.26784700000007433
-163.17550200000005
-68.3839109999999
-0.13300800000024537
-0.832398000000012
1.3324270000002798
-142.96917699999995
-0.215012999999999
-74.55826399999978