0.2060119999998733
0.011000999999851047
0.09000500000001921
-0.2110120000002098
-0.905051000000185
-1.4670839999998861
0.21601300000020274
-1.7390999999997803
0.39602300000024115
-0.3160179999999855
0.21501200000011522
-0.14900799999986702
-0.3310190000001967
0.7580430000002707
-0.733042999999725
0.9630550000001676
0.20901199999980236
-1.9091089999997166
0.3960229999997864
0.19301100000029692
0.19401200000038443
1.6020909999997457
0.09300599999960468
0.010999999999967258
1.1480659999997442
0.09200499999997191
1.3790790000002744
0.5070279999999912
1.8781079999998838
-0.11400599999979022
-1.6950970000002599
-0.05200300000024072
1.3830800000000636
0.6550379999998768
0.6970400000000154
0.717040999999881
-1.3840789999999288
0.4470249999999396
0.8390480000002754
-0.5990339999998469
-0.24501399999962814
-0.010999999999967258
-0.7660439999999653
-0.050001999999949476
1.6490939999998773
-1.563090000000102
1.262072999999873
-0.12000699999998687
0.25801499999988664
1.1210630000000492
-1.6300929999997607
0.7780440000001363
0.33902000000034604