-1.296073999999976
0.5570310000002792
0.8240470000000641
0.23001300000032643
0.43502500000022337
-0.6710380000004079
-1.0200580000000627
-0.017001000000163913
-1.1920690000001741
-0.7490429999998014
0.7140409999997246
0.4900280000001658
-0.8750500000001011
-0.3930230000000847
1.013058000000001
0.1450089999998454
0.8100460000000567
1.3580779999997503
-0.8490480000000389
-0.13600700000006327
-0.5560319999999592
1.0260579999999209
-0.32601900000008754
-1.9191099999998187
0.40002300000014657
-0.5020290000002205
2.184125000000222