-2.077119000000039
-0.8000459999998384
-0.6000350000003891
0.3630199999997785
0.694039999999859
1.023059000000103
-0.5450310000001082
2.474141000000145
-1.1470659999999953
-0.5330309999999372
-2.9601690000004055
0.0930049999997209
1.4680840000000899
-0.404023000000052
-0.2380129999996825
-0.06000399999993533
-1.4760849999997845
0.03200199999992037
0.059002999999847816
0.29201700000021447
-0.15000899999995454
0.08600599999999758
4.113235000000259
-0.529030000000148
0.5020290000002205
-0.05100300000003699
0.5820330000001377
2.1701239999997597
0.42202399999996487
0.251013999999941
-0.504030000000057
1.042058999999881
0.5590320000001157
-0.404023000000052
-2.732156000000032
-0.2940170000001672
0.15800899999976536
0.69304000000011
-0.3450189999998656
-0.8440479999999297
1.4520830000001297
-0.31401800000003277
2.309131999999863
-1.637094000000161
-0.37702200000012454
0.004000999999789201
0.4980289999998604
-3.2051830000000336
3.2101840000000266
-1.4380820000001222
0.501028000000133
1.4120799999996052
1.0330590000003212
0.18901099999993676
-0.13600799999994706
-0.7540429999999105
-0.5520320000000538