0.5530319999998028
0.7100409999998192
-0.022001000000273052
0.8350479999999152
-1.138065000000097
-0.12400700000034703
0.2140119999999115
-0.4810280000001512
1.1550660000002608
0.4120229999998628
-1.1100639999999657
-0.10700700000006691
1.9021089999996548
0.04700300000013158
-0.7780450000000201
-0.4310239999999794
-1.0320590000001175
0.7250420000000304
0.2530139999998937
-0.36202000000002954
-0.17901000000028944
-2.4541410000001633
-0.03200199999992037
-0.6180349999999635
-1.371078000000125
-1.3330759999998918
-3.2111829999998918
-0.6010339999997996
1.5170859999998356
0.5750320000001921
0.2940169999997124
-1.0420600000002196
-0.2120119999999588
1.0150579999999536
0.6200349999999162
0.1980109999999513
2.9991719999998168
0.5550319999997555
-0.0200009999998656
-0.05500400000028094
-0.43402500000001965
-2.212126999999782
-0.5740329999998721
0.36002100000041537
0.22801300000037372
1.991113999999925
0.6080349999997452
0.21701299999995172
-0.8580489999999372
0.20401200000014796
-0.7310419999998885
-1.4180820000001404
2.022114999999758