0.7240409999999429
1.0140579999997499
-1.0910629999998491
1.3470769999998993
0.32501900000033856
-3.205182999999579
0.4240239999999176
1.5140870000000177
1.0220589999998992
-0.3370199999999386
0.443025999999918
0.557032000000163
0.31101799999987634
-0.9390539999999419
-3.689212000000225
2.0271160000002055
-0.18801100000018778
-0.22501199999987875
1.7310990000000857
-4.804274999999961
0.9560550000001058
0.23801400000002104
0.06100400000013906
-1.422081000000162
-1.195067999999992
0.5120289999999841
-0.7190409999998337
0.08200500000020838
-0.18901099999993676
0.8240479999999479
0.5040290000001733
2.442139999999654
0.5310300000001007
-0.28201599999965765
-0.745042999999896
0.25601499999993393
-1.1900679999998829
1.0260579999999209
1.4180809999998019
0.021001000000069325
2.2371280000002116
0.4990290000000641
0.010001000000102067
0.3750209999998333
-0.11300600000004124
-0.3360190000003058
0.2710149999998066
-1.7351000000003296
0.4210250000000997
-0.806047000000035
-3.583205000000362