0.7240409999999429
1.0140579999997499
-1.0910629999998491
1.3470769999998993
0.32501900000033856
-3.205182999999579
0.4240239999999176
1.5140870000000177
1.0220589999998992
-0.3370199999999386
0.443025999999918
0.557032000000163
0.31101799999987634
-0.9390539999999419
-3.689212000000225
2.0271160000002055
-0.18801100000018778
-0.22501199999987875
1.7310990000000857
-4.804274999999961
0.9560550000001058
0.23801400000002104
0.06100400000013906
-1.422081000000162
-1.195067999999992
0.5120289999999841
-0.7190409999998337
0.08200500000020838
-0.18901099999993676
0.8240479999999479
0.5040290000001733
2.442139999999654
0.5310300000001007
-0.28201599999965765
-0.745042999999896
0.25601499999993393
-1.1900679999998829
1.0260579999999209
1.4180809999998019
0.021001000000069325
2.2371280000002116
0.4990290000000641
0.010001000000102067
0.3750209999998333
-0.11300600000004124
-0.3360190000003058
0.2710149999998066
-1.7351000000003296
0.4210250000000997
-0.806047000000035
-3.583205000000362
-2.077119000000039
-0.8000459999998384
-0.6000350000003891
0.3630199999997785
0.694039999999859
1.023059000000103
-0.5450310000001082
2.474141000000145
-1.1470659999999953
-0.5330309999999372
-2.9601690000004055
0.0930049999997209
1.4680840000000899
-0.404023000000052
-0.2380129999996825
-0.06000399999993533
-1.4760849999997845
0.03200199999992037
0.059002999999847816
0.29201700000021447
-0.15000899999995454
0.08600599999999758
4.113235000000259
-0.529030000000148
0.5020290000002205
-0.05100300000003699
0.5820330000001377
2.1701239999997597
0.42202399999996487
0.251013999999941
-0.504030000000057
1.042058999999881
0.5590320000001157
-0.404023000000052
-2.732156000000032
-0.2940170000001672
0.15800899999976536
0.69304000000011
-0.3450189999998656
-0.8440479999999297
1.4520830000001297
-0.31401800000003277
2.309131999999863
-1.637094000000161
-0.37702200000012454
0.004000999999789201
0.4980289999998604
-3.2051830000000336
3.2101840000000266
-1.4380820000001222
0.501028000000133
1.4120799999996052
1.0330590000003212
0.18901099999993676
-0.13600799999994706
-0.7540429999999105
-0.5520320000000538